Pos	A	C	G	T
1	0.102941176470588	0.363529411764706	0.0958823529411765	0.437647058823529
2	0.399425287356322	0.191810344827586	0.33117816091954	0.0775862068965517
3	0.634856855851331	0.0673028628829734	0.291813159216474	0.0060271220492215
4	0.00512445095168375	0.00292825768667643	0.98389458272328	0.00805270863836018
5	0.0116959064327485	0.00350877192982456	0.112280701754386	0.872514619883041
6	0.24390243902439	0.00871080139372822	0.691056910569106	0.0563298490127758
7	0.000699300699300699	0.985314685314685	0.0	0.013986013986014
8	0.827855153203343	0.00668523676880223	0.13091922005571	0.0345403899721448
9	0.141319942611191	0.396700143472023	0.199426111908178	0.262553802008608
10	0.308143800440205	0.157006603081438	0.452677916360968	0.0821716801173881
11	0.0890557939914163	0.180793991416309	0.0	0.730150214592275
12	0.0	0.0	1.0	0.0
13	0.0483720930232558	0.403255813953488	0.0	0.548372093023256
14	0.856077981651376	0.135894495412844	0.0	0.00802752293577982
15	0.00347222222222222	0.989583333333333	0.00347222222222222	0.00347222222222222
16	0.00594844679444812	0.456047587574356	0.0832782551222736	0.454725710508923
17	0.0767004341534009	0.369030390738061	0.192474674384949	0.361794500723589
18	0.468982630272953	0.0806451612903226	0.369106699751861	0.0812655086848635
