Pos	A	C	G	T
1	0.304733832847569	0.198087768889009	0.299090629374413	0.198087768889009
2	0.764758042156657	0.0784139859477809	0.0784139859477809	0.0784139859477809
3	0.146665810098934	0.0506975391710679	0.0506975391710679	0.751939111558931
4	0.625315295820175	0.121355924180231	0.227065398946422	0.0262633810531726
5	0.903017372546103	0.0963063897698763	0.00033811884201059	0.00033811884201059
6	0.0944940727766996	0.00033811884201059	0.0963063897698763	0.808861418611414
7	0.0954306619690689	0.00033811884201059	0.00033811884201059	0.90389310034691
8	0.904829689539279	0.0944940727766996	0.00033811884201059	0.00033811884201059
9	0.34784398520392	0.0522503499530015	0.15276293811749	0.44714272672559
10	0.282789920001082	0.275625181738878	0.17192413289423	0.269660765365811
11	0.199640579670943	0.297377212142524	0.303341628515591	0.199640579670943
12	0.327775786633486	0.224074737788838	0.224074737788838	0.224074737788838
