Pos	A	C	G	T
1	0.072562358276644	0.291383219954649	0.384353741496599	0.251700680272109
2	0.57421875	0.231119791666667	0.179036458333333	0.015625
3	0.0266808964781217	0.941302027748132	0.00426894343649947	0.0277481323372465
4	0.0503524672708963	0.88821752265861	0.0171198388721047	0.0443101711983887
5	0.154373927958834	0.756432246998285	0.0205831903945112	0.0686106346483705
6	0.0132596685082873	0.974585635359116	0.00331491712707182	0.00883977900552486
7	0.0175438596491228	0.967105263157895	0.00548245614035088	0.00986842105263158
8	0.00386473429951691	0.852173913043478	0.0	0.143961352657005
9	0.253565768621236	0.0269413629160063	0.698890649762282	0.0206022187004754
10	0.00645161290322581	0.612903225806452	0.0451612903225806	0.335483870967742
11	0.148526077097506	0.343537414965986	0.150793650793651	0.357142857142857
12	0.135833333333333	0.0808333333333333	0.735	0.0483333333333333
13	0.227633069082673	0.414496036240091	0.0894677236693092	0.268403171007928
14	0.0453514739229025	0.263038548752834	0.5	0.191609977324263
